19778
18464
17498
19778
41367
31388
19163
25654
16784
17473
19778
8508
25654

16909
19858
17473
19778

19858
19778

19858
19778


22809
19475
19778
19858
19858
31388
9889
19858
16804
19778
19858
31388

21713

31388

31468
31388

31468
18228
18854
19778
26419



19778
19858
19778
19853
19778
19778
23856

19778

19858
19858

28574
19778
31468
41516
26524
19858

25574
19778
19858
19858
19858
18070

19778
19778

19778
19778

19778
19858

19778
19858
19778
19858
19858
19778
20689
19858
31388
19778
19177

19858
19778
19858
19778

19778
24430

31388
31388
26248
19778

19858
19778
19778


19778

31468


19778
19778
19555
19778

19778
25574
19778
19778
19778

25657
22310
20524
19778
19778
25654
19778
15858
19778
19858
18934
19858
19778
19778
19778
19858

19778
19778
19778
19778
19778
19858
19778

19778
19778
12624

12624
19778
19778
12704
19778
31388
23282
19778
19778
19778
19858
41367
19858

19778
31388
31388
31388
19778

19778

19778

19858
19858
31388
19778
4078
19778

19858
19778
19858
19858
19778
12624
31388
19778
19976
19778
19778
19778
19858
19858
19778


19778
19778
19778
19858
19778
19778
19858

19778
25654
31468
19778
31388
31468
19778

19858
31388
31388
19778
31388
19778
31388
19778
31388
19778
19778

31388
19858
19778
19778
19778
21713
19778
39586
19778
31388
31388
19778
31897
19778
32098
19778
19778

31388
31468
32322
32559

31388
18934
19778
17741
19084
20334

19778
18934
31388
19778
20001
19778
19778
19778
19858
19858
19858

31468
19858
31388
31388
31388
31468
21713
31388
31388
31388
19778
19858
19778
31388
31388

31388
31388

19778
19858
19778
19778

19778
19778
19778
31388

22125
19778

37864
31468
31468
31388
31388
31388

31388
31388
31468
31388
31388


39506
31468
39506
31854

31388
31388
31388
31388
19858
31388
31388
31468

31468
31388
31468

31388
39506
31468

31388
31388
21713
31388
31388
31388
31388
32500
21793
31388
31468
31388
31388
31388

19858
19778

31468
31388
21713
31468
19858
31388
19858
31388

19858
19858
19778
19858
19778
19778
19778
19778

19858
19858
19778


19778
31388

31888
21713

19778

31468

31468
31388
31388
31388
31388
31388

31468

23339

31388
31468
31468

31388
31388
31388

21713
31468


31468
31388
31388
31388
31388
21793

31388
19778
31388

31468
19778
31388
40270
31468

31468
31388
31388
31468
31388
19778
31468
31388
19778
31388
31388
31388
31388


31388
31388
31468
39586
31388
19778

31388
39586
31388


31388
31388
31388

31388
31388
19778
31388

31388
19778
31388
21713
31388
31388
31468
31388


31388
31388
31388
32392
31388
31388
31388
31388
31388
31388
31388
31468
31388
19778
31388
31388
31388
31388
31388
31468
31388

31468
21713
31468
31388

22334
31468
31388
31388
31388
31388
21713
19858
19778
31388
31388
31388
31388
31388

31468
31388
19858
31388

32450
31388
31388
31468

31388
31388
31468
31388
31388
31388
31388
31388
31388
31388
31388
31388
19778
31388
31388
31388
39506

39506

31388
31888

31468

31388
19778
31468
31388
31388
31388
31388
31388
31388

31388
31468

31388
9969
31388

31468
31388
31388
31388

31468
31388
31468
31468

31388
28453
36120
31388
31388

31388
31388


31388
31468
19778
31468
31468
19778

31388

32484
12624

19778
31388
31388
19778
32235
32492

31388
15774
31468
19778
30926
19778
17664
31388

38438
19778
31468

32433
31388
19778
31388

19858
31762
19858

31388
19778
27288
19858
26194



























31388













19778


31388
31388



19778
























19778





19778















19778















31388

31388




19778
19778






























31388








18317
























19778











18317






19778







31388







19778


















31388
31388







































31388

19778

19778


31388






19858
19778
27599
18317
30926
19752
17930
19858
19858
18879

25642
31468


41367
18854
19858
23856
25573
19778

19858
19858
19858
19858
41287
19778
17828
19858
19778

19858
19858
21085
16224
21793
19295
19778
19778
19858
19778
21713
31468
25654
31468
21793
18934
18934
19858
31468
19778
9210
31468
19778
19778
19858
19858
19778


18050

19778
19778

19858
19778
10937
19858
18854
19778
19778

19778
19778
19778
9969

31808
19778
19778
31468
19778


19858
19778
19858
19778
19778
19778
26074
18326
23362
20085
19778

19858
19858

19778
19858
18933
19778

18854

20081
18397
19858
19778
19778
31388
31846
19858
26104
19778

25574
19778
19778
19858
19858

19858
20173
19858
19778
19778
19778
19858
19778
19858
24310
19778
19778
21713
19778
19778
25574
31388
19778

19858
19778
19778
19858
19858

19778
19778

19778

19778

19778
19778
20461


19778
19858
19858
23390
19778

19778
31388
19778
19778
19778

19778
19778
19778
19778
18934
19778
19778
19778
19858
19778
20144
19858
12624
12624
12624
12624
12624
29097
19778
19415
19858
23856

19778
19778
19858
19778
19858
19778


19778
19778
9969
19778
19858

19858
19858

19778
19778
19858
19858
19778

19778
19778
19778
19778


19778
19778
19778
19778

19778
19858
19778
19858

21713
21793
22024
19858
21713
19778
31388
21793
31468
31388


19778
31468

19778
19778
20055
19778
31388
19858
19778
26913
23269
19778
19778
31388
31468
19778
31468
19778
19858
19778
19858
19778
19778
19858
19778
19778
31468
20116

27992
19778



19328
31388

19778

19778
31388
19778
19858
19858

28222
31388
22308
19778

19858
31388
31388
31388

19858
19778
31388
21713
31388
32085
17839
31388
22339
31388
31388
19778
31388
21713
31388
31388
21713
31388
39506
12704
31388
31388
31388
31388
31388
21713
31388
31388
32182
31388
32098
31388
31388

19778
19858
19858
19778
19778
19858
31388
19858
19858
19778

31388
31388
31388
19778
31388
31468

19778
18934

19778
19778
19778

19778
19778
19858

19858
19778
19778

31388

31388

31388
31388


31388
31388
31388
31388

25654
31468

31388
31388
31388
39506

31388
31388

20324



31388
31388
31388
19778
31388
31388
31468


31468

31388
19858
31388

31468
31468
31388

25654
31388
31388
31388
31388
31388
31388
31388
31388
31388

31468
31388
32188
31388
31388
19778

31388
31468
39506
31388
31468
31388
31388

31388
31388
31388
19778
31388
31388
18759

31388
19858
19778
31388
19858
31388
19778

31388
31388
31388
31388
31388
31388
31468
31388
31388
21713
31388
31388
31388
31388
19778
31388
31388
21713
19858

31388
31468
31388
31468
31468
31468
19858

31388
31388
31468
31388
31388
19858

31388
31388
31388
31388

19858
31388
31468
31388
24510
31468
31388
31388
31388
31388

31388
26478
31388
31388
31388
31468
19858
31388
31468
31468
31468
31388
31388
31388
31388
31388
31388
21713
31388
31388

31388
31468
31388
31388
31388
31468
31388
31388
31388
31388
31388
19858
19778
31388
31468
31388
31388

31388
31388
31468
19778
31388
32394
19858
31388
31468
19858
31388

31388
31388
31468
31388

31388

31388
19778
39506

19778
31388
31468

19778
31388
31388
31388
31468
9969

39506
39586

26524

31468
31388
31388
19778
19778


19778
18397


31388

31468

39506
31388
31388



12762
31468
19858
19858
39506
31468
32442

31468
31388

31468
17006
25654
11195
18641
19858
17473
19858
31468
31468
31388
31388
19778
31388
25005
19011





















19778


31388

31388

















17754





31388







31388

19778






31388











19778




31388












19778
















19778
31388














19778



31388
31388










































31388


31388



31388


31388



















31388











31388










31388
31388


31388

19778




31388




31388




31388





31388






















31388



18317

19778
21918
19858

19858
25574
19858
28069
18934
19858
19858
26444
31468
30926
33217
18397
19858
41287


19778
19858
17473
18467

19968
19858
16936
19858
25654
19778
26444
19778
18009
19778
24730
19778
19778
19858
31468
19858
19778
22705
19778
18010

25574
31388
19858

19778
19778
19778
12624
19778
25654
19858
19858
19778
19858

19778

19778

18854
31388
19858
31468
19778

19778
31468
19778
25148
19778


19858
19858
19858
18635
19778
25574
19778
9286
19778
25654
19778
25574
19858
19858
18363

19778
31388
21793
19778
12704
19858
18163
19778
19778
19778
19778
15233

19778
20577
19778
19778
25574
31388
19778
19778
4847
19778
19778
20685

19858
19778
31388
19778

19858


19778
21713
12624
19858
19858
25654
19778
19778
19778
19778
19778
19778
19778

19778

31388
19778
19778
19858
19778
12704

19858

19778

19778
19778

12624
19778
12624
19858
29854
19858
31388

19858
19778
19778

19858
19778
19778
19778
25654
19778
19778
19778
19858
19858
19858
19778



19858

20425
19778
19778
19858
19778
19778
19778
19858
31388
19778
25574
19858
19778
19778
19858
19778
19778
19858
19858
19778
19778
19778

29394
19858
19778
19858
19778
31388
19778
12624
19858
31388
19858
19778
19858
19778

19778
19778
31468
31388

12624
31388
19858
19778
19778

19778
19778
19778
12704
19858
31468


31388

19778
31388
19858
9889
31388
19778
31468
31468
19778
19778
19778
19778
19778
19778

19778
19858
19778
19778
19778
19778
25654
19858



31388
31388
31388
19778
19778
19778
19778
19858
19858
31388
19858
31468
31468

31468
21793
19778
20362
19858
21713
19858
31388
31388
21713
31388
31468
31388
19778
20064

19858
21713
31388
31468
31388
31388
19858
19778
22576
23299
31388
19829
31468
21713
31468
21713
31388
31388
31388

21713
22712
21713
21713
22213

31468
31388
21793
26444
31388
22656



31388
19858
31388

31468
31468

31388
19858

31468
31388
31388

31388
31468
31388
19778
19858
31388
19778
19858

19778
19858
12624
31388
31388
19778
19858
31468
31388
31468
19778
19778
21713
31468
9969
19858
19778
19778
21713

19858
19778
19778
19778
19778
19778
19858
31388
31468
35546
31971
21713
31388
21713
31388
31468
31388
19778
31388
15694
21713
8508
18679
31388
31388
40015
31388
31388
31468
31388

31468
31388
31388
31468
31388
31468
31388
19858

31388
31468
31388
31388
31388
31388
31388
31388
31388
21713
31388
31388
21713
31468
31388
31388
31388

31388
31468
31388
31388
31468
31388

22522
31468
31468
31388
31388
31388
31388
31388
31388
31388

31388
31388
32620
31388

31468
31388

31388
31388
31388
21713

31468

21713
19778
31388
17341
31468
31388
31388
31388
31388
31388
19778
32018

31388

31468
31388

31388
31388


31388
30827

31388
31388
19778
19778
31388

31388

31388



31388
31388
31388
31388
21713
19858
31468
31388
31388
31388
31468
31388

31388

31388
31388
31388
31468

31468
31388
31468
31388

19778
11146
21713
31468


31388
31388
32433
31972
31388

31388
31388
31388
31388




31468
21713
31388
31388
31388
31388
31468
31388
31388
31468
19858
31388
31468
18934
31388
31468
31388
31388
31388
31388
18854
31388



31388



31388
31388
31388
31388
41367
31388
31388
31468


31388
31388

31388

19858
31388
31388
31468

31388
31388
45056
31468


31388
19858
31468
31388
31388
31531
19778
37210
31914
18089

21793
39506


31388
25574
40636
18397

39506
35817
31388
35526
23856
31468
39586

31388
31388

5796
31388
36928
31388

18934
31468
19778
25574
32338
31468
31468
31388
16276
31468
18397
31388
18397

17444
24510
39586
19858
31804
19778
31468

18452































31388

























9889




























31388









9889

31388

































8428




16141






28142




19778


















9889


18348



31388

17006



31388




19778










31388


































31388
















31388










19778















31388


31388



31388








31388
19778






31388














40655
19778

19778
12704



18934
13697
19858
19858
24085

16304
41367

9969
17473
19858
12624
25084
25654

22088
19858
17293
19858
19059
19858

19858

19778

19858
19858
19778
19858
24315
31468
19858
19858
19778

19858
31388
31388
31388

17598
25654
25654
31388

25654

19778
19778
19778
19803
19778
31388
31468
25654

19858
19778
19778
19778
19778
31388


31468

31388
19778

25574
19778
24962
39506
19858
18397

19778
12624
19778
21713
19858
18468

19778
18854

19858
19778
19778
19778
19778

19778
25654



31388

16116
11515

46621

19858
19858
12704

19858

19778
19778
19778
19778
19858
32308
23839
18849
19778
21793

19778
18854
31388
12704
19778
19778
19778
21713
31388
31468
19778
19778
19778
19778
19778
19778

19435
19858
19858
19778
19778
19778
12704
19778
19858
19858
19778
19778
18934
12624
19778
31388

19778
19778
19858
19778
19778
19778

19858
12704
12704
12102

19778
12624
19778
25654
12624
31468
19778
19778
31388
31388
19778

19778
19778
19778
19778
28222
19778
19858

26254
19778
19778
19858
19858

19778
19858
19778
19858
19778




19778
19778
19858
19778
19778
19778
19778

19858

18854
19778
19858
19778
31468
31388
19778
19858
19778

30157
39586

12624


19858
19778
19858

19778
19778
19778

19778

19858
19778
31468
31388
19858
19858
31388
31468
19778
19778
25654
19778
31388
19858



31388
31388
19778

19778
31388
19778
31388
31388
31388

19778
19858

12624
31388
19778
19778
19778

31388

19778
31468


31388
37864
31468
43586
19778
31468
31388
31388
19778
31388
21713
39586
31388
31388
21713
31388
31388

31388
32379
31388
31972
31388
31388
31388
32098
31468
31388
31388

19858
32558
19778
12624
12704
31388
12704
19778
31468
19858

31388

12704

19778
19778

19858
19778
19858


19778
31388
25832
25574
19778
19858
19778
19858
19778
25574
19858
19778

31388
19858
19778
31388
31388
31468
31388
12704


21713


31388
31388
25854
31388
19858

31388
19858

31388

19778
31388
31388


31388

31388
31388
31388
31388


31388
31388

31388


31388
31388
31388
31388
31388
31388
31388
31388
31388
31972
31388

31388
31468
31388
31388
31388
31388
31388
31388
31468
31388
31468
31388
19778
31388


31388
31388
31388
31388
39506
31388
31388
31388
31388
31699

31468
31468
19778

31388

31388
31388
31388


31388
31468
25654
22213
19778
31388

31388
31388

19778
31468
21793
31388
31388
31388


33281
31388

31641
31388
31388
31388
19858
31388
31388
31468
31468
31388
31468


19778
31388

19778
31388
31388
31754
39506

31388
39506
31388



31468



19858
31388
31388
31388

19778
19778
31388
31388

31468
31468
31388
31388
31388
21713
31388
31388
25654

31468

31388
19778
31388
31388
19778

31388

31388
31388

31388
31388
19858
31388

31388
31388
31909
30926
19858
31388


31388
31468
26444
31388
31388
31468
31388
31388
39586
31388
31468

19778

31388
19858
31468

31388
31762
39506
21713
19858
19858
31388
31468

31388
32559
17750
31388
31388
16298

31388

31388

19858
31468
19778
31388
31468

26524
26444



31388

31388
31388
31762

31468
19858
31388

31388
12666
31388


31388






31388

31388


















19778

19778























31388






31388











31388








31388















19778














19778





19778


19778




























18317
19778




31388
31388


















19778






















31388


31388












31388







19778

















31388









19778






19778
31388



31388




















19778









21713
19858
25654
18397


19858
19778
25654

19858
18697

30458
19778

23936
17930
16626
41367
19858
16260
19858
19778

19858
18397
25574
19778
20058
19858
19778
10619
19059
19778
19766

19778

18397
19858
22926
19858
19778
9232
19858
21713

19778

31388
31388



18010
19778

31388
19778

21793
31468

19778
19778
31468
19778
19778

19858
19778
19778
19778
19778
19858
19858
19858
16221
31468
19858
31468

18397
19778
21713
21793

19858
19778
18397

19778
19858
19778
19858
24223
19858
31468
11163
19778

19778
19778
12624
19778
19778

19778

19778

25654
19778
19858
19858
19778
19858
19858
19778
21713
19778
19858
19778
19778
19778
25654
19858
31388
19858
31468
19858
19858
19778
31388
31468
31388
31468
28663
31388
19858
12704
19778
19858
19858


31468
19064

25654

19778
19778
19778


19858
19778
19778
19858
19858
19778
12704
19778
16116

19858
19778
19858
19778
19858
19778
19778
24223
19778
19778
19778
19778
12704
12704

12704
21713
17352
19858
21713

19778

19778
19778
19778

19858
19858
19778
19778

19778
19778
19858
18326
19858
19858
19858
19858
17276

30320
18761
19778

19778
19858
19858

19778
25574
19858
31468

31388
21713
19778
21793

19858
19778
31388
19858

19858
12624


23806

31388
19778
19778
19215
19858
19778
21713
31388
19778
19858
19778

19858

19778
39506
19858
19778
19858
19778
19778
23856
19778
19778
19778
19858
21793
31388
19858
31388
19778
19778
31388

31388
31388
19778
31388
39586
19858
19778
19778
19778

21713
19778
31388

19858
31388
19778
31388

39586
28142
31388
31388

31388
31388
19858
31388
31388
19858
19391
21713
21713
12624
31388
39506
19778
32241
32056
31388
31388
31388

31388
19778

21713
31388
31388

31388
31388
31468
31388


31388
31468
31388


31388
31388
31468
31468

21713
31468
19858
19778
19778
31388

19778
31388
19778
21068
19778
31388
16036
19858
31468
19778
32308

19858
19778

19778
19858

19778
19778

19778
19778
11700

19778
19858
19778
19778
19778
31388
31388

19778
31388
31388
39506
21713
31388
21713
31388
31388
20777
31388
31388
31388
31388
31388
31388
31388
31468
31388

30846

31388
24730
31388
31388
31388
31388
31388
31468
31388
32210
31388
31388
31388
38438
31388
23856
31388

19778
31388
19778
31388
21713
31388
31846
31388
31388
19778
31388
31388
31468
31388
31388
31388
31468

31388
31388
31388
21713
19858
31468
19778
31388
31388

31388
31388
31388
31388

31388
31388


31388
31388

31468
31388
31388
31388
31388
32182


31388
32047
31388
31388
31468
31388
21793
19778

31388
31388
31388
19858

31388
19778

19858
31388
31388

31388
31388
31468

31388
21713
31388
31468
31388
31388

31388
19858
31388
19778
31388

31388
31388

31468
19858
31388
31468
21713

22294
31388

31388
31388
31388
31388
37864
31388
31388

31468
31468
31468
31468
38438
19778
31388
36120
31388
31388

30354
21713

31468
31468


31388

31388
28222

31388
31468
31388

31388
33855

31388
31388

19778
31468

39506
31468
19778

31468


19858
31388
31930
31388
19778
19778
31468


31388
19858
31388
31388
31388

31388
39012
31388
37864
31468
19858

31388

20122
28772
21210
18010
39506

31468

31388
31388
19858
16864
31468
12704
31468
31468
19778

37864
16304
25654
17916



19778

31388









31388





19778










31388






31388






19778


19778























19778










31388





















19778









31388













12504
22809


19778








31388














31388


19778

















31388










31388




















31388

31388



























21713




















19778






19778


















19778


19778
31388























31468
25084
25654
23767
9889

9045
17795
17434

25654
8965
19858
8370

19778
31388
30223

17473
19858
24085
19858
19778
19858
41367
19858

19778
19858
19858
18397
19604
25654
21713
24113
19858
19858
19778
19858
19858
25654
19778


19858
21047
19858
19858
19778
32110

31388

31388
31468
24076
19858
39506

18317
19858
19778
19778
31468
19778
19778
25574
19778
19778
19778

19858
18934
21333
9889
19778
31468
31468
31388

19778


17668
31388
21793
19778
21713

19858
19778
24223
19858
19858
19778

19858
41367
21713
19778
19858
12422

19858

19778
19778
19778
19858
19778
19778
19858
25574
19778
19858
25654

25084
19778
19778

25574
25574
19778
19778
19858
19858


19858
19778
19858
25654

19493
19858
31388

19778

19778
12624
19778
19858
19907
19778
31388

31388
19778
19778
19778
19778


19778
19858

19778
19778
19858

19778
19778
19778


19858
19778

19778
19778

19778

19778
19778
25574
19778


12624
19858

12704
19778
19858
19778
19778

19778


19778
19778
19858
19858
23649
19858
19858
19858
19858

19858

19858
19778
19778
31388
19778
19858
31468
20125
19778
20012
19858
19778
19778


19778
19858
19778

19858
19778

19778
19778


19858
19778
19778
19778
31468
20236
19778
15765
33136
19778


31388
19858
31388

31388
31468
19778

31388
31468
31388

31983
18397
31388
20125
19858
12624
19778
19778
19778

31468
32226
31388
31388
31388
21793
31846
19778
19858
19778
21713
19858
21793
31388
21713
19778
19778
19778
32304
19778

31388

31388
31468

21793

19778
19778
19778
31388
19858
31468
19778
19778

19778
31388
31388
26705
31388
21793
31388
31388
31388
31388

31468
19778
26308
19858
23936
31468
41287
31468
31388

31388
31388
31388

31388
31388
21713
31388
31388
31388
31388
31388
31388
19778
21793
31388
31468
31468
31388
31468
31388
32518
21713

31388
31388
31388
31468
31468
31388
31468

19778
31388

31468
31388
19858
31388
19778
19778
31468

19858

21793
19778
19778
25574
19778
20047
19778

31468
31468

19778
31468
31388
31388
21713
31388
31388
39506
31388
25654

37577
31468
31388
31388
31388

39586
39506
31388
21793
31468
35002
21713

31388
31388
31388
31388
31388
31388
34258
31468
31388
31388
31388
31388
31468
31468
31468
31388
31388
31388
31388

31388
31867
21713
31388
31686
30926
31468
31468
16909
31388
19778
31388
31468
31388
31388
31388
31468
31388

31468

31388
31388
31388
31388
31388
31388
31388
31388
31468
31388
31388
31388

31388
31388
31388

32026
31388
31388
31388
31388
31468
31388
31388
21793
31388
31468
33198
31388
31388
31388
21793
31388
21713
31388
31468
31388
31388
31388
31388
32098
31388
31388
31388
31388
31388
31388
31388

31388
31388
31388
32307

31388

31388
16633
31468

19858
31468
31388
31388
31388
31388
31388
31388
18934
19858
31388

31388
32429
31388
19778
32559
26444

31468
31388
31388
31388
19778
31388
19858
31468
31388
31388
19778
19778
31388
31388
19858
19778
21713
20313
31388
31388
31468
31388
31468
31388

31388
31388

31388
31388

31388
31388


19778
19778
31388

31388

31468

31846
32326
31468
31388
19858
30926
31388
31468
31388
31388
31388
31388
31388
23936
21713
31388
31388
31468
21993
19778
31388
31388
23892
31388
21713
31388


31388
31388
31388
19778
31468
31388
31388
31388
31388
19858
31388


32266
39506

31388
31388
31388

31388
19858
19858
19778
31388


31388

32245
31468
31388
17473
19778
19858

31388
31388

31388
31388
19858
31888
31388
7929

39506
28142

31388
31468
31388
34044
25574
31720
19778
31388
31388
19858
18845

39506
19778
28222
31388
31468
39586
31388
16909
18317
31468
38200
31468

31388
31388
9889
47435
31388
19778
31388

31388
31388

31468
29660
38438
52506
18317
31388
39506
31388
19778


31388



























31388
31388







31388






19778


31388






19778
































19778


















31388









31388




19778





21713










19778






31388


21713



























12762





19778




31388























31388





















19778






















31388














19778



31388




31388





19388


24473
18845
19778
19778

19778
18934
18934
19778
18934
41367
18636
61559

19858
19858
19858
19778

19778
19778
25654
5796
31468

19778
19778
30530
19858
19858
19858
19858
41738
18317
16856
19778
26524
19858

19778
19778
31468
31388

31972
29653
19778

19858
25654
18934
18812
19778
19778
19778
29378
20036
19858

16224
31468

19858
18397
19778
19778
19778
19778
19778
19778
19144
19858
19858
24430
19778
11780
19858
19858
19778


19778
19858
19858
19778
19858
19300
23856
19778
19858
19778
19778
19778
19778
24030

31468
19778
19778
19778
31388
19778
19778
19858
19778
19778
19858

9969


19778


20122

19858
31388

23839
19778
19778
19778
19778
19858
18317
19778
19858
12324
19146
21713
19778
31388
19858
19778
31388
32516
19858
31388
19778

19858
19778
19778
19778
19778
19778
19858
19778


19778
19778
31468
35621

19858

19778
19778


20155

19778
19858
19778
19778
19858
19778
19778
19778
19858
20089
20026
19778
19778
19778
19778
19778
19778

12704
19778
12704
19858

26524
19858
25574

19778
19778
31388
31468
19778
19778
19480
19858
31468
19778


19858
19858
19778
19778
19778
19778

19858
19858
19778
19778
19778
19778
19778
19778
19778
19858
19988
19778
19778

19858
19858
19778
31468

19858
21793
31468
31388
19778

19778

19778

25654
19778
29845
36478
31388
19778
19858
25574
19858
25574

31388
31388
31388
19858
31388
19778
19778
31388
31388
31468
19778
31468
31468

19778
19778
19778
19778
19858
19778

31388
32218
31388
31388
25574


19778
19778

31388
19778
19778
19778
19858

31388
19858
31388
31468
19858
19907
19778
19778
31388
21713
12624
19778
31468

31388
31388
41287
31468
19778
19778

31388
31388
31468

31388
21713

31388
31388

31388
31388
19858
31388
19778
31468

31388
31388

31388
31388
31388

31468


31388
12624
19858
21713
31388
31468
21793

31468
31388
31388
31468
18934
31388
31388
31388
31388
31468
31468
31468
19778


31388
19778
19858
19778
19858
19778
19778
32056
19858
19858
31388
31468
31388
22193
21713
19858
19858
19778

19778
19858
19858
31388
19778
19858

21713
31388
31388
31388
31388
19778
31468
31468
31388
31388
31388

21793
32279

21713
39586
32541
31468
19778



31388
31388
12624

31388
31388
31388

31388
31468

31388
31388
31468

31388
21713
19858
31468
31388
31388
31468
31468
31388
37647
31468
21713
31388
31388
31388
19778
31388
31388
31388
31388
31388

31388
31388
31388


19858

31388
31388
31388
31388
31468
31388

31388
31468
31388
25574
31388
31388

31388

31388
31388

31388
31388
31468
31388

31388


19858
32450
31388
31388
31388
31388
33050
31468
31388
31388
31388
25574
31388
31388
31388


31388
31388
31468
31388
31388
31388
31388
31388
31388
31388

32360
31388
32308
31388
31388
31388
31388
18964

32392
31388
21713
31388

31468
31388
31468
19297
31388
31468
31388
31388
31388
21713
32579
31974
31388
31388
31388
31468



31388
31388

31388



31388

31388
31388
21713


31388
31388
19858



31468

37864

18934
31388
31388


19858

31388
31388
18934
31388
31388
31388
19858

31388
31388
39506
21793
18633
31888
19778
18934
31468
18854

19778
31388
31388
31388

31388
19778
31468
31388
31468
31468

19778
31388
31468
31388


31468
31468

36340
19858
31388

19858

31388
19778
31468
31468
15765
19778









19778




19778




31388





31388














19778













31388







31388

31388











31388





19778








31388







19778






31388

31388

19778





19778


21713





31388


22809



31388



19778
21713











19922

























19778


18317










31388
























31388















31388
19778


19778















19778













31388














19778


22652
16909
17393
30458

19858
19858
10937
19858
19778
19858

19858
9889
18934

17473
18317
12624
19778
31468

25574
19858
19858
18854
19858
18934
31388
19778

25654
19778
24500
26524
24430
31388



19778
19778
8508
18397
18934
19778

22265
31468
24510
14621
31468
18934
12624
19858
19858

19858
31388
19778
12624
19778
19778
19778
19778
19858


19778
31388


19778
31468

31468
19858
19858

18903
19778
19778
19858
19778


19778
19858
21713
19858
25574
19778
19778

19778
19858
19858
19778
19778
19778

19778
10420
19858
19778

19778
19858
24855
18471
19778
19778
19858
19778



19778
19778
31388
24440
19778
19858
21713
18830
19858
21793
16829
19778
19858
19778
19778
19858
19778
19858
19778

25654

25654
19778
19495

19778

19778
19858
31388
31468
19778

19778

19778
12704
19778
19858
19778
19778



19778
19858
31388
19858
19778
19778
19778
20036
19858
31468
19778

19778
19858
19858

19778

19858


19778
19858
19778
19778
19778
19858
20110
31388
19778
19778

19858
19858
19778
19778
23936
19778

19778
19778
19778
19858
19858
19858

19858
31388
21713
12624
19778
19858
19778
25574
31468

28142
19858
18854

19778
25511

31468
31388
24815
19778


32192
18854
31388

20282
19858
19778
19778

19778
31388
31388
32308
28222
19778
19778
31388
19778
19858

19084
19778
19778
19778
19778
19778
19778
19778
19858
31388
31388
19778
21713

28222
31388
31388

31388
39586
19778
19778
31388
31468

31388
31468
19778
31468
31388
19778
31468
31388
31388
31388
31388
22318


19778
19778
19778
31468

19778

31468
19778
31388
19778


31388

31388


31388

31388
21793
31388
21713
31388
31388
39506
31468
31468
31388

31388

31388
31468
22093
31388
21793
31388
31468
31388
31468
21713

32575
31388
31468
31468
31388
31468
21793
31388
31388
31388
31468
31388
31388
24510
19778
19778
25654
19778
19778
19858
19778
19858
19778
31388
21793
19778
19778
19858
19858
19778
19778
19778
19778
19858
19778
19778
19858
31388
32014
31388
31388
31388
18131

31388

31388
31468

31388
31388
31388
31388



31388
31388
31388
31388
31388
19858

31388
31388
31388
31388
31468
19778
31468
31468
31388
31388
31468
31388
31468

31468

39506
31388
31388
31388
31468
19858
31388
19778
31468
21713
31388

31388
31388

31388
31388
31468
19778
31388

32303
31388
19778
39586
33512
31388
31388
31388
31388
19858
31388
31388
31388
31388
31388
31388
31468
31388

31388
31388
19858
31388

31388
31468
31388
31388
31388
31388


31388
31388
31468
31388
19778
31388
31468
23187
31468
21713
31388
31388
31468
31468
31388
31388
31388
31388
31388
31388
31388

31960
31468
19778
19858
31388
31388
31388
31388
31388

31388
31468
31388
31388
31468
31388
25663
21713
31388
31388
31468


31388
31388
20706
31388
31388
31388

19778
19778
31388
19858
31388
31388
31388
19778

31388
31388

31468
31388
31388
31388
31468
19858
19778
31468
31388

31388
31388
32152
31388
31468
31388
31388
31388
31468
31468
31468

31468
31388

19858
31388
39506
12504
31468

31388
21793
31388
19858
31468
31388
31468

31388
31468
31468
32518

31468

32068
31468
19778
18854
31468
31388

38438

21713

25663
19858
31388


19778
31388
19478
31468

39506

19858


32326
19778

31468
20320

18981


19858
31388
25654

31388
31468

32140
31468

19858
31388
20194

31388

31388
16276
18934

39506
18992
19858
31388
31388
16856
31468
15774
19778
18397
17905
16224
19858







31388



19778






19778











31388
21713

19778



31388

31388
19378


31388











19778







31388


31388















31388

































31388














31388















18648






31388



















31388

31388
















31388



31388
















31388




























31388


































19143

31388

